1000
0.6309963099630996 0.6125461254612546 0.6236162361623616 0.5682656826568265 0.6549815498154982 0.6107011070110702 0.6273062730627307 0.6531365313653137 
0.6549815498154982 0.6309963099630996 0.6143911439114391 0.6051660516605166 0.5867158671586716 0.6180811808118081 0.5977859778597786 0.6642066420664207 
0.6383763837638377 0.6180811808118081 0.6070110701107011 0.5682656826568265 0.6549815498154982 0.6180811808118081 0.6273062730627307 0.6309963099630996 
0.6402214022140221 0.6070110701107011 0.6143911439114391 0.5627306273062731 0.6365313653136532 0.6125461254612546 0.6125461254612546 0.6236162361623616 
0.544280442804428 0.5627306273062731 0.5627306273062731 0.5719557195571956 0.544280442804428 0.5571955719557196 0.5682656826568265 0.5922509225092251 

1030
0.6309963099630996 0.6107011070110702 0.6236162361623616 0.5701107011070111 0.6568265682656826 0.6125461254612546 0.6273062730627307 0.6531365313653137 
0.6549815498154982 0.6309963099630996 0.6143911439114391 0.6051660516605166 0.5867158671586716 0.6180811808118081 0.5977859778597786 0.6642066420664207 
0.6383763837638377 0.6199261992619927 0.6070110701107011 0.566420664206642 0.6549815498154982 0.6199261992619927 0.6273062730627307 0.6309963099630996 
0.6402214022140221 0.6070110701107011 0.6143911439114391 0.5627306273062731 0.6365313653136532 0.6125461254612546 0.6125461254612546 0.6236162361623616 
0.544280442804428 0.5627306273062731 0.5627306273062731 0.5719557195571956 0.544280442804428 0.5571955719557196 0.5682656826568265 0.5922509225092251 

1060
0.6309963099630996 0.6107011070110702 0.6236162361623616 0.5701107011070111 0.6549815498154982 0.6125461254612546 0.6273062730627307 0.6531365313653137 
0.6549815498154982 0.6309963099630996 0.6143911439114391 0.6051660516605166 0.5867158671586716 0.6180811808118081 0.5977859778597786 0.6642066420664207 
0.6383763837638377 0.6217712177121771 0.6033210332103321 0.5682656826568265 0.6549815498154982 0.6180811808118081 0.6273062730627307 0.6291512915129152 
0.6402214022140221 0.6070110701107011 0.6143911439114391 0.5627306273062731 0.6365313653136532 0.6125461254612546 0.6125461254612546 0.6236162361623616 
0.544280442804428 0.5627306273062731 0.5627306273062731 0.5719557195571956 0.544280442804428 0.5571955719557196 0.5682656826568265 0.5922509225092251 

1090
0.6309963099630996 0.6107011070110702 0.6236162361623616 0.5701107011070111 0.6549815498154982 0.6125461254612546 0.6273062730627307 0.6531365313653137 
0.6549815498154982 0.6309963099630996 0.6143911439114391 0.6051660516605166 0.5867158671586716 0.6180811808118081 0.5977859778597786 0.6642066420664207 
0.6383763837638377 0.6217712177121771 0.6070110701107011 0.5682656826568265 0.6549815498154982 0.6199261992619927 0.6273062730627307 0.6309963099630996 
0.6402214022140221 0.6070110701107011 0.6143911439114391 0.5627306273062731 0.6365313653136532 0.6125461254612546 0.6125461254612546 0.6236162361623616 
0.544280442804428 0.5627306273062731 0.5627306273062731 0.5719557195571956 0.544280442804428 0.5571955719557196 0.5682656826568265 0.5922509225092251 

1120
0.6309963099630996 0.6107011070110702 0.6236162361623616 0.5701107011070111 0.6549815498154982 0.6125461254612546 0.6273062730627307 0.6531365313653137 
0.6549815498154982 0.6309963099630996 0.6143911439114391 0.6051660516605166 0.5867158671586716 0.6180811808118081 0.5977859778597786 0.6642066420664207 
0.6383763837638377 0.6199261992619927 0.6070110701107011 0.5682656826568265 0.6549815498154982 0.6199261992619927 0.6273062730627307 0.6328413284132841 
0.6402214022140221 0.6070110701107011 0.6143911439114391 0.5627306273062731 0.6365313653136532 0.6125461254612546 0.6125461254612546 0.6236162361623616 
0.544280442804428 0.5627306273062731 0.5627306273062731 0.5719557195571956 0.544280442804428 0.5571955719557196 0.5682656826568265 0.5922509225092251 

1150
0.6309963099630996 0.6107011070110702 0.6236162361623616 0.5701107011070111 0.6568265682656826 0.6125461254612546 0.6273062730627307 0.6531365313653137 
0.6549815498154982 0.6309963099630996 0.6143911439114391 0.6051660516605166 0.5867158671586716 0.6180811808118081 0.5977859778597786 0.6881918819188192 
0.6383763837638377 0.6143911439114391 0.6070110701107011 0.5682656826568265 0.6531365313653137 0.6180811808118081 0.6273062730627307 0.6291512915129152 
0.6402214022140221 0.6070110701107011 0.6143911439114391 0.5627306273062731 0.6365313653136532 0.6125461254612546 0.6125461254612546 0.6236162361623616 
0.544280442804428 0.5627306273062731 0.5627306273062731 0.5719557195571956 0.5387453874538746 0.5571955719557196 0.5682656826568265 0.5922509225092251 

1180
0.6309963099630996 0.6125461254612546 0.6346863468634686 0.5701107011070111 0.6476014760147601 0.6162361623616236 0.6273062730627307 0.6568265682656826 
0.6568265682656826 0.6125461254612546 0.6088560885608856 0.5701107011070111 0.6088560885608856 0.6273062730627307 0.6143911439114391 0.6881918819188192 
0.6420664206642066 0.6180811808118081 0.6365313653136532 0.5682656826568265 0.6476014760147601 0.6217712177121771 0.6273062730627307 0.6383763837638377 
0.6402214022140221 0.6070110701107011 0.6143911439114391 0.5627306273062731 0.6365313653136532 0.6125461254612546 0.6125461254612546 0.6236162361623616 
0.544280442804428 0.5645756457564576 0.5738007380073801 0.5719557195571956 0.6088560885608856 0.5682656826568265 0.5682656826568265 0.5793357933579336 

1210
0.7029520295202952 0.6568265682656826 0.6752767527675276 0.6402214022140221 0.6678966789667896 0.6918819188191881 0.6273062730627307 0.7103321033210332 
0.6568265682656826 0.6125461254612546 0.6088560885608856 0.5701107011070111 0.6088560885608856 0.6273062730627307 0.6143911439114391 0.6881918819188192 
0.6918819188191881 0.6623616236162362 0.6678966789667896 0.6531365313653137 0.6789667896678967 0.7066420664206642 0.6273062730627307 0.6937269372693727 
0.6420664206642066 0.6070110701107011 0.6143911439114391 0.5627306273062731 0.6365313653136532 0.6125461254612546 0.6125461254612546 0.6236162361623616 
0.6531365313653137 0.6236162361623616 0.6494464944649446 0.6162361623616236 0.6383763837638377 0.6457564575645757 0.5571955719557196 0.6974169741697417 

1240
0.7047970479704797 0.6734317343173432 0.6752767527675276 0.6402214022140221 0.6678966789667896 0.6937269372693727 0.6642066420664207 0.7158671586715867 
0.6568265682656826 0.6125461254612546 0.6088560885608856 0.5701107011070111 0.6088560885608856 0.6273062730627307 0.6143911439114391 0.6881918819188192 
0.6974169741697417 0.6678966789667896 0.6642066420664207 0.6476014760147601 0.6789667896678967 0.6974169741697417 0.6678966789667896 0.6937269372693727 
0.6420664206642066 0.6070110701107011 0.6143911439114391 0.5627306273062731 0.6365313653136532 0.6125461254612546 0.6107011070110702 0.6254612546125461 
0.6531365313653137 0.6217712177121771 0.6494464944649446 0.6162361623616236 0.6383763837638377 0.6457564575645757 0.6439114391143912 0.6974169741697417 

1270
0.7047970479704797 0.6734317343173432 0.6771217712177122 0.6402214022140221 0.6605166051660517 0.6937269372693727 0.6660516605166051 0.7158671586715867 
0.6568265682656826 0.6125461254612546 0.6088560885608856 0.5738007380073801 0.6088560885608856 0.6273062730627307 0.6143911439114391 0.6881918819188192 
0.6974169741697417 0.6715867158671587 0.6678966789667896 0.6512915129151291 0.6789667896678967 0.7029520295202952 0.6678966789667896 0.6937269372693727 
0.6420664206642066 0.6070110701107011 0.6180811808118081 0.5645756457564576 0.6365313653136532 0.6125461254612546 0.6107011070110702 0.6254612546125461 
0.6531365313653137 0.6217712177121771 0.6457564575645757 0.6180811808118081 0.6383763837638377 0.6457564575645757 0.6439114391143912 0.6974169741697417 

1300
0.7047970479704797 0.6771217712177122 0.6771217712177122 0.6383763837638377 0.6642066420664207 0.6974169741697417 0.6660516605166051 0.7121771217712177 
0.6586715867158671 0.6143911439114391 0.6088560885608856 0.5738007380073801 0.6088560885608856 0.6254612546125461 0.6199261992619927 0.6881918819188192 
0.7029520295202952 0.6715867158671587 0.6678966789667896 0.6476014760147601 0.6771217712177122 0.7029520295202952 0.6715867158671587 0.6992619926199262 
0.6420664206642066 0.6143911439114391 0.6180811808118081 0.5645756457564576 0.6365313653136532 0.6125461254612546 0.6180811808118081 0.6254612546125461 
0.6494464944649446 0.6236162361623616 0.6439114391143912 0.6125461254612546 0.6346863468634686 0.6420664206642066 0.6457564575645757 0.6992619926199262 

1330
0.6992619926199262 0.6586715867158671 0.6789667896678967 0.6328413284132841 0.6734317343173432 0.6974169741697417 0.6642066420664207 0.7047970479704797 
0.6162361623616236 0.6143911439114391 0.6014760147601476 0.544280442804428 0.6402214022140221 0.6254612546125461 0.6199261992619927 0.6383763837638377 
0.7066420664206642 0.6660516605166051 0.6678966789667896 0.6383763837638377 0.6734317343173432 0.6974169741697417 0.6697416974169742 0.6808118081180812 
0.6494464944649446 0.6143911439114391 0.5940959409594095 0.5996309963099631 0.6107011070110702 0.6125461254612546 0.6180811808118081 0.6476014760147601 
0.6346863468634686 0.6143911439114391 0.6346863468634686 0.5959409594095941 0.6273062730627307 0.6383763837638377 0.6383763837638377 0.6605166051660517 

1360
0.6992619926199262 0.6365313653136532 0.6789667896678967 0.6328413284132841 0.6734317343173432 0.6752767527675276 0.6697416974169742 0.7047970479704797 
0.6162361623616236 0.6070110701107011 0.6014760147601476 0.544280442804428 0.6402214022140221 0.6217712177121771 0.6199261992619927 0.6383763837638377 
0.6955719557195572 0.6494464944649446 0.6678966789667896 0.6346863468634686 0.6623616236162362 0.6808118081180812 0.6586715867158671 0.6992619926199262 
0.6291512915129152 0.6328413284132841 0.5996309963099631 0.5996309963099631 0.6107011070110702 0.6107011070110702 0.6180811808118081 0.6955719557195572 
0.6457564575645757 0.6143911439114391 0.6309963099630996 0.5959409594095941 0.6273062730627307 0.6328413284132841 0.6328413284132841 0.6845018450184502 

1390
0.6992619926199262 0.6494464944649446 0.6660516605166051 0.6328413284132841 0.6734317343173432 0.6752767527675276 0.6697416974169742 0.7047970479704797 
0.6162361623616236 0.6070110701107011 0.6014760147601476 0.544280442804428 0.6402214022140221 0.6217712177121771 0.6199261992619927 0.6383763837638377 
0.6900369003690037 0.6457564575645757 0.6494464944649446 0.6346863468634686 0.6697416974169742 0.6808118081180812 0.6586715867158671 0.6937269372693727 
0.6291512915129152 0.6291512915129152 0.6125461254612546 0.5996309963099631 0.6107011070110702 0.6107011070110702 0.6180811808118081 0.6955719557195572 
0.6457564575645757 0.6033210332103321 0.6217712177121771 0.5959409594095941 0.6273062730627307 0.6328413284132841 0.6328413284132841 0.6845018450184502 

1420
0.6918819188191881 0.6494464944649446 0.6660516605166051 0.6217712177121771 0.6568265682656826 0.6660516605166051 0.6623616236162362 0.7047970479704797 
0.6162361623616236 0.6070110701107011 0.6014760147601476 0.544280442804428 0.6402214022140221 0.6217712177121771 0.6199261992619927 0.6383763837638377 
0.6918819188191881 0.6457564575645757 0.6531365313653137 0.6346863468634686 0.6494464944649446 0.6678966789667896 0.6512915129151291 0.6937269372693727 
0.6254612546125461 0.6291512915129152 0.6125461254612546 0.577490774907749 0.6568265682656826 0.6199261992619927 0.6180811808118081 0.6955719557195572 
0.6365313653136532 0.6033210332103321 0.6217712177121771 0.6273062730627307 0.5608856088560885 0.6439114391143912 0.5904059040590406 0.6845018450184502 

1450
0.6918819188191881 0.6494464944649446 0.6660516605166051 0.6217712177121771 0.6568265682656826 0.6660516605166051 0.6623616236162362 0.7047970479704797 
0.6162361623616236 0.6070110701107011 0.6014760147601476 0.544280442804428 0.6402214022140221 0.6217712177121771 0.6199261992619927 0.6383763837638377 
0.6918819188191881 0.6494464944649446 0.6531365313653137 0.6309963099630996 0.6568265682656826 0.6660516605166051 0.6549815498154982 0.7066420664206642 
0.6254612546125461 0.6291512915129152 0.6125461254612546 0.577490774907749 0.6568265682656826 0.6199261992619927 0.6180811808118081 0.6955719557195572 
0.6365313653136532 0.6033210332103321 0.6217712177121771 0.6273062730627307 0.5608856088560885 0.6439114391143912 0.5904059040590406 0.6845018450184502 

1480
0.6918819188191881 0.6494464944649446 0.6660516605166051 0.6217712177121771 0.6568265682656826 0.6660516605166051 0.6623616236162362 0.7047970479704797 
0.6162361623616236 0.6070110701107011 0.6014760147601476 0.544280442804428 0.6402214022140221 0.6217712177121771 0.6199261992619927 0.6383763837638377 
0.6937269372693727 0.6457564575645757 0.6439114391143912 0.6273062730627307 0.6494464944649446 0.6678966789667896 0.6531365313653137 0.6937269372693727 
0.6254612546125461 0.6291512915129152 0.6125461254612546 0.577490774907749 0.6568265682656826 0.6199261992619927 0.6180811808118081 0.6955719557195572 
0.6365313653136532 0.6033210332103321 0.6217712177121771 0.6273062730627307 0.5608856088560885 0.6439114391143912 0.5904059040590406 0.6845018450184502 

1510
0.6918819188191881 0.6494464944649446 0.6660516605166051 0.6217712177121771 0.6568265682656826 0.6660516605166051 0.6623616236162362 0.7047970479704797 
0.6162361623616236 0.6070110701107011 0.6014760147601476 0.544280442804428 0.6402214022140221 0.6217712177121771 0.6199261992619927 0.6383763837638377 
0.6955719557195572 0.6383763837638377 0.6439114391143912 0.6365313653136532 0.6512915129151291 0.6697416974169742 0.6586715867158671 0.6918819188191881 
0.6254612546125461 0.6291512915129152 0.6125461254612546 0.577490774907749 0.6568265682656826 0.6199261992619927 0.6180811808118081 0.6955719557195572 
0.6365313653136532 0.6033210332103321 0.6217712177121771 0.6273062730627307 0.5608856088560885 0.6439114391143912 0.5904059040590406 0.6845018450184502 

1540
0.6918819188191881 0.6494464944649446 0.6660516605166051 0.6217712177121771 0.6568265682656826 0.6660516605166051 0.6623616236162362 0.7047970479704797 
0.6162361623616236 0.6070110701107011 0.6014760147601476 0.544280442804428 0.6402214022140221 0.6217712177121771 0.6199261992619927 0.6383763837638377 
0.6900369003690037 0.6457564575645757 0.6531365313653137 0.6236162361623616 0.6494464944649446 0.6678966789667896 0.6531365313653137 0.6918819188191881 
0.6254612546125461 0.6291512915129152 0.6125461254612546 0.577490774907749 0.6568265682656826 0.6199261992619927 0.6180811808118081 0.6955719557195572 
0.6365313653136532 0.6033210332103321 0.6217712177121771 0.6273062730627307 0.5608856088560885 0.6439114391143912 0.5904059040590406 0.6845018450184502 

1570
0.6918819188191881 0.6494464944649446 0.6660516605166051 0.6070110701107011 0.6531365313653137 0.6605166051660517 0.6623616236162362 0.7047970479704797 
0.6162361623616236 0.6070110701107011 0.6014760147601476 0.544280442804428 0.6402214022140221 0.6217712177121771 0.6199261992619927 0.6383763837638377 
0.6900369003690037 0.6494464944649446 0.6420664206642066 0.5940959409594095 0.6531365313653137 0.6642066420664207 0.6531365313653137 0.6974169741697417 
0.6254612546125461 0.6328413284132841 0.6273062730627307 0.544280442804428 0.6439114391143912 0.6254612546125461 0.6180811808118081 0.6955719557195572 
0.6365313653136532 0.6033210332103321 0.6180811808118081 0.5922509225092251 0.6051660516605166 0.6420664206642066 0.5904059040590406 0.6845018450184502 

1600
0.6642066420664207 0.6309963099630996 0.6309963099630996 0.6088560885608856 0.6512915129151291 0.6568265682656826 0.6254612546125461 0.6992619926199262 
0.6162361623616236 0.6070110701107011 0.6014760147601476 0.544280442804428 0.6402214022140221 0.6217712177121771 0.6199261992619927 0.6383763837638377 
0.6881918819188192 0.6217712177121771 0.6107011070110702 0.5959409594095941 0.6531365313653137 0.6439114391143912 0.6346863468634686 0.7066420664206642 
0.6199261992619927 0.6107011070110702 0.6033210332103321 0.544280442804428 0.6439114391143912 0.6217712177121771 0.6180811808118081 0.6605166051660517 
0.566420664206642 0.5830258302583026 0.551660516605166 0.5940959409594095 0.6033210332103321 0.5977859778597786 0.6125461254612546 0.6549815498154982 

1630
0.6642066420664207 0.6309963099630996 0.6328413284132841 0.6088560885608856 0.6531365313653137 0.6568265682656826 0.6273062730627307 0.7029520295202952 
0.6162361623616236 0.6070110701107011 0.6014760147601476 0.544280442804428 0.6402214022140221 0.6217712177121771 0.6199261992619927 0.6383763837638377 
0.6863468634686347 0.5996309963099631 0.6125461254612546 0.5922509225092251 0.6512915129151291 0.6457564575645757 0.6346863468634686 0.6992619926199262 
0.6199261992619927 0.6107011070110702 0.6033210332103321 0.544280442804428 0.6439114391143912 0.6217712177121771 0.6180811808118081 0.6605166051660517 
0.5645756457564576 0.577490774907749 0.5571955719557196 0.5811808118081181 0.6033210332103321 0.5996309963099631 0.6217712177121771 0.6549815498154982 

1660
0.6605166051660517 0.6309963099630996 0.6328413284132841 0.6088560885608856 0.6531365313653137 0.6568265682656826 0.6291512915129152 0.7084870848708487 
0.6162361623616236 0.6070110701107011 0.6014760147601476 0.544280442804428 0.6402214022140221 0.6217712177121771 0.6199261992619927 0.6383763837638377 
0.6918819188191881 0.6088560885608856 0.6107011070110702 0.5959409594095941 0.6531365313653137 0.6439114391143912 0.6383763837638377 0.7011070110701108 
0.6199261992619927 0.6107011070110702 0.6033210332103321 0.544280442804428 0.6439114391143912 0.6217712177121771 0.6180811808118081 0.6605166051660517 
0.5571955719557196 0.577490774907749 0.5682656826568265 0.5811808118081181 0.5959409594095941 0.5867158671586716 0.5977859778597786 0.6568265682656826 

1690
0.6605166051660517 0.6291512915129152 0.6346863468634686 0.6088560885608856 0.6549815498154982 0.6568265682656826 0.6273062730627307 0.7084870848708487 
0.6162361623616236 0.6070110701107011 0.6014760147601476 0.544280442804428 0.6402214022140221 0.6217712177121771 0.6199261992619927 0.6383763837638377 
0.6881918819188192 0.6162361623616236 0.6143911439114391 0.584870848708487 0.6512915129151291 0.6457564575645757 0.6346863468634686 0.7084870848708487 
0.6199261992619927 0.6107011070110702 0.6033210332103321 0.544280442804428 0.6439114391143912 0.6217712177121771 0.6180811808118081 0.6605166051660517 
0.5498154981549815 0.5756457564575646 0.5535055350553506 0.5811808118081181 0.5959409594095941 0.5867158671586716 0.6014760147601476 0.6568265682656826 

1720
0.6660516605166051 0.6291512915129152 0.6346863468634686 0.6088560885608856 0.6531365313653137 0.6568265682656826 0.6254612546125461 0.7066420664206642 
0.6162361623616236 0.6070110701107011 0.6014760147601476 0.544280442804428 0.6402214022140221 0.6217712177121771 0.6199261992619927 0.6383763837638377 
0.6900369003690037 0.6125461254612546 0.6143911439114391 0.5977859778597786 0.6494464944649446 0.6457564575645757 0.6365313653136532 0.7047970479704797 
0.6199261992619927 0.6107011070110702 0.6033210332103321 0.544280442804428 0.6439114391143912 0.6217712177121771 0.6180811808118081 0.6605166051660517 
0.5535055350553506 0.5756457564575646 0.5535055350553506 0.5959409594095941 0.5959409594095941 0.5811808118081181 0.5959409594095941 0.6531365313653137 

1750
0.6678966789667896 0.6291512915129152 0.6365313653136532 0.6088560885608856 0.6531365313653137 0.6549815498154982 0.6254612546125461 0.6642066420664207 
0.6162361623616236 0.6070110701107011 0.6014760147601476 0.544280442804428 0.6402214022140221 0.6217712177121771 0.6199261992619927 0.6383763837638377 
0.6918819188191881 0.6143911439114391 0.6162361623616236 0.5830258302583026 0.6494464944649446 0.6494464944649446 0.6346863468634686 0.6789667896678967 
0.6199261992619927 0.6107011070110702 0.6033210332103321 0.544280442804428 0.6439114391143912 0.6217712177121771 0.6180811808118081 0.6605166051660517 
0.5645756457564576 0.5793357933579336 0.5553505535055351 0.5959409594095941 0.6051660516605166 0.5996309963099631 0.6180811808118081 0.584870848708487 

1780
0.6605166051660517 0.577490774907749 0.6107011070110702 0.5756457564575646 0.6531365313653137 0.6254612546125461 0.6439114391143912 0.6642066420664207 
0.6162361623616236 0.6070110701107011 0.6014760147601476 0.544280442804428 0.6402214022140221 0.6217712177121771 0.6199261992619927 0.6383763837638377 
0.6697416974169742 0.5719557195571956 0.6125461254612546 0.6033210332103321 0.6420664206642066 0.6273062730627307 0.6531365313653137 0.6734317343173432 
0.6199261992619927 0.6107011070110702 0.6033210332103321 0.544280442804428 0.6439114391143912 0.6217712177121771 0.6180811808118081 0.6605166051660517 
0.6051660516605166 0.5701107011070111 0.5571955719557196 0.5793357933579336 0.5959409594095941 0.5719557195571956 0.5904059040590406 0.584870848708487 

1810
0.6586715867158671 0.6143911439114391 0.6328413284132841 0.577490774907749 0.6531365313653137 0.6254612546125461 0.6439114391143912 0.6623616236162362 
0.6162361623616236 0.6070110701107011 0.6014760147601476 0.544280442804428 0.6402214022140221 0.6217712177121771 0.6199261992619927 0.6383763837638377 
0.6678966789667896 0.5959409594095941 0.6088560885608856 0.5977859778597786 0.6420664206642066 0.6291512915129152 0.6531365313653137 0.6752767527675276 
0.6199261992619927 0.6107011070110702 0.6033210332103321 0.544280442804428 0.6439114391143912 0.6217712177121771 0.6180811808118081 0.6605166051660517 
0.6051660516605166 0.5719557195571956 0.5553505535055351 0.5811808118081181 0.5959409594095941 0.5719557195571956 0.5904059040590406 0.584870848708487 

1840
0.6586715867158671 0.6143911439114391 0.6328413284132841 0.577490774907749 0.6549815498154982 0.6254612546125461 0.6476014760147601 0.6642066420664207 
0.6162361623616236 0.6070110701107011 0.6014760147601476 0.544280442804428 0.6402214022140221 0.6217712177121771 0.6199261992619927 0.6383763837638377 
0.6752767527675276 0.5959409594095941 0.6088560885608856 0.5977859778597786 0.6328413284132841 0.6199261992619927 0.6420664206642066 0.6586715867158671 
0.6199261992619927 0.6107011070110702 0.6033210332103321 0.544280442804428 0.6439114391143912 0.6217712177121771 0.6180811808118081 0.6605166051660517 
0.6051660516605166 0.5719557195571956 0.5553505535055351 0.5811808118081181 0.6051660516605166 0.5682656826568265 0.577490774907749 0.5867158671586716 

1870
0.6586715867158671 0.6143911439114391 0.6328413284132841 0.577490774907749 0.6549815498154982 0.6254612546125461 0.6476014760147601 0.6402214022140221 
0.6162361623616236 0.6070110701107011 0.6014760147601476 0.544280442804428 0.6402214022140221 0.6217712177121771 0.6199261992619927 0.6383763837638377 
0.6734317343173432 0.5959409594095941 0.6088560885608856 0.5996309963099631 0.6328413284132841 0.6199261992619927 0.6420664206642066 0.6328413284132841 
0.6199261992619927 0.6107011070110702 0.6033210332103321 0.544280442804428 0.6439114391143912 0.6217712177121771 0.6180811808118081 0.6605166051660517 
0.6051660516605166 0.5719557195571956 0.5553505535055351 0.5811808118081181 0.6051660516605166 0.5682656826568265 0.577490774907749 0.5608856088560885 

1900
0.6586715867158671 0.6199261992619927 0.6236162361623616 0.577490774907749 0.6549815498154982 0.5996309963099631 0.6476014760147601 0.6402214022140221 
0.6162361623616236 0.6070110701107011 0.6014760147601476 0.544280442804428 0.6402214022140221 0.6217712177121771 0.6199261992619927 0.6383763837638377 
0.6752767527675276 0.6143911439114391 0.6180811808118081 0.5977859778597786 0.6328413284132841 0.6162361623616236 0.6420664206642066 0.6328413284132841 
0.6199261992619927 0.6107011070110702 0.6033210332103321 0.544280442804428 0.6439114391143912 0.6217712177121771 0.6180811808118081 0.6605166051660517 
0.6051660516605166 0.5571955719557196 0.5498154981549815 0.5811808118081181 0.6051660516605166 0.5571955719557196 0.577490774907749 0.5608856088560885 

1930
0.6273062730627307 0.6199261992619927 0.6236162361623616 0.5830258302583026 0.6512915129151291 0.5996309963099631 0.6199261992619927 0.6402214022140221 
0.6162361623616236 0.6070110701107011 0.6014760147601476 0.544280442804428 0.6402214022140221 0.6217712177121771 0.6199261992619927 0.6383763837638377 
0.6457564575645757 0.6143911439114391 0.6180811808118081 0.566420664206642 0.6623616236162362 0.6162361623616236 0.6273062730627307 0.6328413284132841 
0.6199261992619927 0.6107011070110702 0.6033210332103321 0.544280442804428 0.6439114391143912 0.6217712177121771 0.6180811808118081 0.6605166051660517 
0.5498154981549815 0.5571955719557196 0.5498154981549815 0.5645756457564576 0.5553505535055351 0.5571955719557196 0.5608856088560885 0.5608856088560885 

1960
0.6273062730627307 0.6199261992619927 0.6236162361623616 0.5830258302583026 0.6512915129151291 0.5996309963099631 0.6199261992619927 0.6402214022140221 
0.6162361623616236 0.6070110701107011 0.6014760147601476 0.544280442804428 0.6402214022140221 0.6217712177121771 0.6199261992619927 0.6383763837638377 
0.6457564575645757 0.6143911439114391 0.6180811808118081 0.566420664206642 0.6623616236162362 0.6162361623616236 0.6273062730627307 0.6328413284132841 
0.6199261992619927 0.6107011070110702 0.6033210332103321 0.544280442804428 0.6439114391143912 0.6217712177121771 0.6180811808118081 0.6605166051660517 
0.5498154981549815 0.5571955719557196 0.5498154981549815 0.5645756457564576 0.5553505535055351 0.5571955719557196 0.5608856088560885 0.5608856088560885 

1990
0.6273062730627307 0.6199261992619927 0.6236162361623616 0.5830258302583026 0.6512915129151291 0.5996309963099631 0.6199261992619927 0.6402214022140221 
0.6162361623616236 0.6070110701107011 0.6014760147601476 0.544280442804428 0.6402214022140221 0.6217712177121771 0.6199261992619927 0.6383763837638377 
0.6457564575645757 0.6143911439114391 0.6180811808118081 0.566420664206642 0.6623616236162362 0.6162361623616236 0.6236162361623616 0.6328413284132841 
0.6199261992619927 0.6107011070110702 0.6033210332103321 0.544280442804428 0.6439114391143912 0.6217712177121771 0.6180811808118081 0.6605166051660517 
0.5498154981549815 0.5571955719557196 0.5498154981549815 0.5645756457564576 0.5553505535055351 0.5571955719557196 0.5608856088560885 0.5608856088560885 

