1
0.6402214022140221 0.6033210332103321 0.6125461254612546 0.559040590405904 0.6309963099630996 0.6107011070110702 0.5996309963099631 0.6254612546125461 
0.6402214022140221 0.6033210332103321 0.6125461254612546 0.559040590405904 0.6309963099630996 0.6107011070110702 0.5996309963099631 0.6254612546125461 
0.6402214022140221 0.6033210332103321 0.6125461254612546 0.559040590405904 0.6309963099630996 0.6107011070110702 0.5996309963099631 0.6254612546125461 
0.6402214022140221 0.6033210332103321 0.6125461254612546 0.559040590405904 0.6309963099630996 0.6107011070110702 0.5996309963099631 0.6254612546125461 
0.5535055350553506 0.5535055350553506 0.5535055350553506 0.5535055350553506 0.5535055350553506 0.5535055350553506 0.5535055350553506 0.37453874538745385 

11
0.6420664206642066 0.6162361623616236 0.6273062730627307 0.566420664206642 0.6457564575645757 0.6070110701107011 0.6125461254612546 0.6439114391143912 
0.6568265682656826 0.6125461254612546 0.6088560885608856 0.5701107011070111 0.6088560885608856 0.6273062730627307 0.6143911439114391 0.6881918819188192 
0.6457564575645757 0.6070110701107011 0.6125461254612546 0.5627306273062731 0.6439114391143912 0.6143911439114391 0.6125461254612546 0.6236162361623616 
0.6402214022140221 0.6070110701107011 0.6143911439114391 0.5645756457564576 0.6365313653136532 0.6125461254612546 0.6125461254612546 0.6236162361623616 
0.5461254612546126 0.5498154981549815 0.6088560885608856 0.5940959409594095 0.6291512915129152 0.559040590405904 0.5535055350553506 0.5608856088560885 

21
0.6346863468634686 0.6125461254612546 0.6199261992619927 0.5682656826568265 0.6549815498154982 0.6051660516605166 0.6217712177121771 0.6531365313653137 
0.6568265682656826 0.6125461254612546 0.6088560885608856 0.5701107011070111 0.6088560885608856 0.6273062730627307 0.6143911439114391 0.6881918819188192 
0.6420664206642066 0.6199261992619927 0.5977859778597786 0.5682656826568265 0.6531365313653137 0.6125461254612546 0.6254612546125461 0.6346863468634686 
0.6402214022140221 0.6070110701107011 0.6143911439114391 0.5627306273062731 0.6365313653136532 0.6125461254612546 0.6125461254612546 0.6236162361623616 
0.5498154981549815 0.5719557195571956 0.5627306273062731 0.5369003690036901 0.5461254612546126 0.559040590405904 0.5553505535055351 0.5977859778597786 

31
0.6845018450184502 0.6678966789667896 0.6752767527675276 0.6383763837638377 0.6678966789667896 0.6808118081180812 0.6383763837638377 0.7121771217712177 
0.6568265682656826 0.6125461254612546 0.6088560885608856 0.5701107011070111 0.6088560885608856 0.6273062730627307 0.6143911439114391 0.6881918819188192 
0.6955719557195572 0.6605166051660517 0.6697416974169742 0.6512915129151291 0.6642066420664207 0.6808118081180812 0.6309963099630996 0.7047970479704797 
0.6402214022140221 0.6070110701107011 0.6143911439114391 0.5627306273062731 0.6365313653136532 0.6125461254612546 0.6125461254612546 0.6236162361623616 
0.6439114391143912 0.6014760147601476 0.6457564575645757 0.6143911439114391 0.6383763837638377 0.6383763837638377 0.566420664206642 0.6660516605166051 

41
0.7029520295202952 0.6568265682656826 0.6752767527675276 0.6383763837638377 0.6678966789667896 0.6937269372693727 0.6623616236162362 0.7103321033210332 
0.6568265682656826 0.6125461254612546 0.6088560885608856 0.5701107011070111 0.6088560885608856 0.6273062730627307 0.6143911439114391 0.6881918819188192 
0.6900369003690037 0.6642066420664207 0.6605166051660517 0.6457564575645757 0.6586715867158671 0.7029520295202952 0.6697416974169742 0.6881918819188192 
0.6402214022140221 0.6070110701107011 0.6143911439114391 0.5627306273062731 0.6365313653136532 0.6125461254612546 0.6125461254612546 0.6236162361623616 
0.6605166051660517 0.6254612546125461 0.6457564575645757 0.6143911439114391 0.6383763837638377 0.6439114391143912 0.6383763837638377 0.6974169741697417 

51
0.7029520295202952 0.6568265682656826 0.6752767527675276 0.6383763837638377 0.6678966789667896 0.6937269372693727 0.6623616236162362 0.7103321033210332 
0.6568265682656826 0.6125461254612546 0.6088560885608856 0.5701107011070111 0.6088560885608856 0.6273062730627307 0.6143911439114391 0.6881918819188192 
0.7029520295202952 0.6642066420664207 0.6715867158671587 0.6512915129151291 0.6605166051660517 0.6992619926199262 0.6715867158671587 0.6900369003690037 
0.6402214022140221 0.6070110701107011 0.6143911439114391 0.5627306273062731 0.6365313653136532 0.6125461254612546 0.6125461254612546 0.6236162361623616 
0.6605166051660517 0.6254612546125461 0.6457564575645757 0.6143911439114391 0.6383763837638377 0.6439114391143912 0.6383763837638377 0.6974169741697417 

61
0.7029520295202952 0.6568265682656826 0.6752767527675276 0.6383763837638377 0.6678966789667896 0.6937269372693727 0.6623616236162362 0.7103321033210332 
0.6568265682656826 0.6125461254612546 0.6088560885608856 0.5701107011070111 0.6088560885608856 0.6273062730627307 0.6143911439114391 0.6881918819188192 
0.6881918819188192 0.6568265682656826 0.6660516605166051 0.6365313653136532 0.6586715867158671 0.7029520295202952 0.6715867158671587 0.6955719557195572 
0.6402214022140221 0.6070110701107011 0.6143911439114391 0.5627306273062731 0.6365313653136532 0.6125461254612546 0.6125461254612546 0.6236162361623616 
0.6605166051660517 0.6254612546125461 0.6457564575645757 0.6143911439114391 0.6383763837638377 0.6439114391143912 0.6383763837638377 0.6974169741697417 

71
0.7029520295202952 0.6568265682656826 0.6752767527675276 0.6383763837638377 0.6678966789667896 0.6937269372693727 0.6623616236162362 0.7103321033210332 
0.6568265682656826 0.6125461254612546 0.6088560885608856 0.5701107011070111 0.6088560885608856 0.6273062730627307 0.6143911439114391 0.6881918819188192 
0.6937269372693727 0.6623616236162362 0.6697416974169742 0.6476014760147601 0.6586715867158671 0.6992619926199262 0.6808118081180812 0.6937269372693727 
0.6402214022140221 0.6070110701107011 0.6143911439114391 0.5627306273062731 0.6365313653136532 0.6125461254612546 0.6125461254612546 0.6236162361623616 
0.6605166051660517 0.6254612546125461 0.6457564575645757 0.6143911439114391 0.6383763837638377 0.6439114391143912 0.6383763837638377 0.6974169741697417 

81
0.7029520295202952 0.6568265682656826 0.6752767527675276 0.6383763837638377 0.6678966789667896 0.6937269372693727 0.6623616236162362 0.7103321033210332 
0.6568265682656826 0.6125461254612546 0.6088560885608856 0.5701107011070111 0.6088560885608856 0.6273062730627307 0.6143911439114391 0.6881918819188192 
0.6918819188191881 0.6605166051660517 0.6642066420664207 0.6383763837638377 0.6586715867158671 0.7011070110701108 0.6697416974169742 0.6900369003690037 
0.6402214022140221 0.6070110701107011 0.6143911439114391 0.5627306273062731 0.6365313653136532 0.6125461254612546 0.6125461254612546 0.6236162361623616 
0.6605166051660517 0.6254612546125461 0.6457564575645757 0.6143911439114391 0.6383763837638377 0.6439114391143912 0.6383763837638377 0.6974169741697417 

91
0.7029520295202952 0.6568265682656826 0.6752767527675276 0.6383763837638377 0.6678966789667896 0.6937269372693727 0.6623616236162362 0.7103321033210332 
0.6568265682656826 0.6125461254612546 0.6088560885608856 0.5701107011070111 0.6088560885608856 0.6273062730627307 0.6143911439114391 0.6881918819188192 
0.6937269372693727 0.6605166051660517 0.6660516605166051 0.6476014760147601 0.6605166051660517 0.6974169741697417 0.6678966789667896 0.6900369003690037 
0.6402214022140221 0.6070110701107011 0.6143911439114391 0.5627306273062731 0.6365313653136532 0.6125461254612546 0.6125461254612546 0.6236162361623616 
0.6605166051660517 0.6254612546125461 0.6457564575645757 0.6143911439114391 0.6383763837638377 0.6439114391143912 0.6383763837638377 0.6974169741697417 

101
0.7029520295202952 0.6568265682656826 0.6752767527675276 0.6383763837638377 0.6678966789667896 0.6937269372693727 0.6623616236162362 0.7103321033210332 
0.6568265682656826 0.6125461254612546 0.6088560885608856 0.5701107011070111 0.6088560885608856 0.6273062730627307 0.6143911439114391 0.6881918819188192 
0.6845018450184502 0.6531365313653137 0.6642066420664207 0.6494464944649446 0.6697416974169742 0.7066420664206642 0.6734317343173432 0.6955719557195572 
0.6402214022140221 0.6070110701107011 0.6143911439114391 0.5627306273062731 0.6365313653136532 0.6125461254612546 0.6125461254612546 0.6236162361623616 
0.6605166051660517 0.6254612546125461 0.6457564575645757 0.6143911439114391 0.6383763837638377 0.6439114391143912 0.6383763837638377 0.6974169741697417 

