1
0.5531914893617021 0.6382978723404256 0.5957446808510638 0.6382978723404256 0.6170212765957447 0.5319148936170213 0.5319148936170213 0.574468085106383 
0.5531914893617021 0.6382978723404256 0.5957446808510638 0.6382978723404256 0.6170212765957447 0.5319148936170213 0.5319148936170213 0.574468085106383 
0.5531914893617021 0.6382978723404256 0.5957446808510638 0.6382978723404256 0.6170212765957447 0.5319148936170213 0.5319148936170213 0.574468085106383 
0.5531914893617021 0.6382978723404256 0.5957446808510638 0.6382978723404256 0.6170212765957447 0.5319148936170213 0.5319148936170213 0.574468085106383 
0.5319148936170213 0.5319148936170213 0.5319148936170213 0.5319148936170213 0.5319148936170213 0.5319148936170213 0.5319148936170213 0.5319148936170213 

5
0.5957446808510638 0.7659574468085106 0.6808510638297872 0.6382978723404256 0.6170212765957447 0.6170212765957447 0.5531914893617021 0.574468085106383 
0.7446808510638298 0.6808510638297872 0.723404255319149 0.7021276595744681 0.7446808510638298 0.6382978723404256 0.6382978723404256 0.6382978723404256 
0.5957446808510638 0.7659574468085106 0.6808510638297872 0.6382978723404256 0.6170212765957447 0.6170212765957447 0.5531914893617021 0.5957446808510638 
0.5957446808510638 0.7659574468085106 0.6808510638297872 0.6382978723404256 0.6170212765957447 0.6170212765957447 0.5531914893617021 0.5957446808510638 
0.48936170212765956 0.5319148936170213 0.5319148936170213 0.5319148936170213 0.5319148936170213 0.5319148936170213 0.5106382978723404 0.5319148936170213 

9
0.6808510638297872 0.7446808510638298 0.6808510638297872 0.6382978723404256 0.7021276595744681 0.5957446808510638 0.6170212765957447 0.5957446808510638 
0.7446808510638298 0.6808510638297872 0.723404255319149 0.7021276595744681 0.7446808510638298 0.6382978723404256 0.6382978723404256 0.6382978723404256 
0.6808510638297872 0.7446808510638298 0.7021276595744681 0.6382978723404256 0.7021276595744681 0.5957446808510638 0.6170212765957447 0.5957446808510638 
0.6808510638297872 0.7446808510638298 0.7021276595744681 0.6382978723404256 0.6808510638297872 0.5957446808510638 0.6170212765957447 0.5957446808510638 
0.5319148936170213 0.5531914893617021 0.5106382978723404 0.5319148936170213 0.5106382978723404 0.48936170212765956 0.5319148936170213 0.5106382978723404 

13
0.6595744680851063 0.7446808510638298 0.6808510638297872 0.7872340425531915 0.723404255319149 0.6170212765957447 0.6382978723404256 0.7021276595744681 
0.7446808510638298 0.6808510638297872 0.723404255319149 0.7021276595744681 0.7446808510638298 0.6382978723404256 0.6382978723404256 0.6382978723404256 
0.6595744680851063 0.7446808510638298 0.6808510638297872 0.7872340425531915 0.723404255319149 0.6170212765957447 0.6382978723404256 0.6808510638297872 
0.6382978723404256 0.7446808510638298 0.6808510638297872 0.7659574468085106 0.6808510638297872 0.6170212765957447 0.6170212765957447 0.7021276595744681 
0.5319148936170213 0.5106382978723404 0.5106382978723404 0.5319148936170213 0.5106382978723404 0.48936170212765956 0.5319148936170213 0.5319148936170213 

17
0.6595744680851063 0.7446808510638298 0.6808510638297872 0.7872340425531915 0.723404255319149 0.574468085106383 0.6382978723404256 0.6595744680851063 
0.7446808510638298 0.6808510638297872 0.723404255319149 0.7021276595744681 0.7446808510638298 0.6382978723404256 0.6382978723404256 0.6382978723404256 
0.6595744680851063 0.7446808510638298 0.6808510638297872 0.7872340425531915 0.6808510638297872 0.574468085106383 0.6382978723404256 0.6382978723404256 
0.6595744680851063 0.7446808510638298 0.6595744680851063 0.7659574468085106 0.6808510638297872 0.574468085106383 0.6170212765957447 0.6595744680851063 
0.6382978723404256 0.5319148936170213 0.5106382978723404 0.5106382978723404 0.723404255319149 0.6382978723404256 0.5106382978723404 0.5319148936170213 

21
0.723404255319149 0.7659574468085106 0.7872340425531915 0.7659574468085106 0.723404255319149 0.574468085106383 0.6808510638297872 0.723404255319149 
0.7446808510638298 0.6808510638297872 0.723404255319149 0.7021276595744681 0.7446808510638298 0.6382978723404256 0.6382978723404256 0.6382978723404256 
0.7021276595744681 0.7659574468085106 0.8085106382978723 0.7659574468085106 0.723404255319149 0.5957446808510638 0.6808510638297872 0.7446808510638298 
0.723404255319149 0.7659574468085106 0.7872340425531915 0.7872340425531915 0.6808510638297872 0.574468085106383 0.6808510638297872 0.6382978723404256 
0.5319148936170213 0.5319148936170213 0.5319148936170213 0.7446808510638298 0.7021276595744681 0.48936170212765956 0.6595744680851063 0.7446808510638298 

25
0.723404255319149 0.7659574468085106 0.7872340425531915 0.7659574468085106 0.6808510638297872 0.574468085106383 0.6808510638297872 0.723404255319149 
0.7446808510638298 0.6808510638297872 0.723404255319149 0.7021276595744681 0.7446808510638298 0.6382978723404256 0.6382978723404256 0.6382978723404256 
0.7021276595744681 0.7659574468085106 0.7872340425531915 0.7659574468085106 0.6808510638297872 0.5957446808510638 0.6808510638297872 0.6595744680851063 
0.723404255319149 0.7659574468085106 0.7872340425531915 0.7872340425531915 0.6808510638297872 0.574468085106383 0.6808510638297872 0.6382978723404256 
0.5319148936170213 0.5319148936170213 0.5106382978723404 0.48936170212765956 0.7021276595744681 0.6170212765957447 0.5319148936170213 0.5319148936170213 

29
0.7446808510638298 0.7659574468085106 0.8297872340425532 0.7659574468085106 0.6808510638297872 0.6382978723404256 0.723404255319149 0.723404255319149 
0.7446808510638298 0.6808510638297872 0.723404255319149 0.7021276595744681 0.7446808510638298 0.6382978723404256 0.6382978723404256 0.6382978723404256 
0.723404255319149 0.7659574468085106 0.8085106382978723 0.7659574468085106 0.6808510638297872 0.6382978723404256 0.723404255319149 0.6595744680851063 
0.723404255319149 0.7659574468085106 0.7872340425531915 0.7872340425531915 0.6808510638297872 0.6382978723404256 0.6808510638297872 0.6382978723404256 
0.723404255319149 0.5319148936170213 0.46808510638297873 0.723404255319149 0.723404255319149 0.48936170212765956 0.5106382978723404 0.5319148936170213 

33
0.7446808510638298 0.7659574468085106 0.8085106382978723 0.7446808510638298 0.7021276595744681 0.6382978723404256 0.723404255319149 0.723404255319149 
0.7446808510638298 0.6808510638297872 0.723404255319149 0.7021276595744681 0.7446808510638298 0.6382978723404256 0.6382978723404256 0.6382978723404256 
0.723404255319149 0.7659574468085106 0.7872340425531915 0.7446808510638298 0.723404255319149 0.6382978723404256 0.723404255319149 0.6595744680851063 
0.723404255319149 0.7659574468085106 0.7872340425531915 0.7872340425531915 0.723404255319149 0.6170212765957447 0.6808510638297872 0.6382978723404256 
0.5106382978723404 0.5106382978723404 0.5319148936170213 0.7446808510638298 0.6595744680851063 0.6170212765957447 0.5106382978723404 0.5319148936170213 

37
0.574468085106383 0.723404255319149 0.8085106382978723 0.7446808510638298 0.723404255319149 0.5957446808510638 0.6808510638297872 0.7659574468085106 
0.7446808510638298 0.6808510638297872 0.723404255319149 0.7021276595744681 0.7446808510638298 0.6382978723404256 0.6382978723404256 0.6382978723404256 
0.5531914893617021 0.723404255319149 0.8085106382978723 0.723404255319149 0.7446808510638298 0.5957446808510638 0.6595744680851063 0.7446808510638298 
0.723404255319149 0.7659574468085106 0.7446808510638298 0.7872340425531915 0.7021276595744681 0.6170212765957447 0.6808510638297872 0.6382978723404256 
0.46808510638297873 0.6595744680851063 0.574468085106383 0.7021276595744681 0.574468085106383 0.574468085106383 0.5319148936170213 0.6595744680851063 

41
0.6170212765957447 0.7021276595744681 0.7659574468085106 0.723404255319149 0.7021276595744681 0.6170212765957447 0.6382978723404256 0.7021276595744681 
0.7446808510638298 0.6808510638297872 0.723404255319149 0.7021276595744681 0.7446808510638298 0.6382978723404256 0.6382978723404256 0.6382978723404256 
0.5957446808510638 0.723404255319149 0.7872340425531915 0.723404255319149 0.723404255319149 0.6170212765957447 0.6382978723404256 0.7021276595744681 
0.723404255319149 0.7659574468085106 0.7446808510638298 0.7872340425531915 0.7021276595744681 0.6170212765957447 0.6382978723404256 0.7021276595744681 
0.5531914893617021 0.5957446808510638 0.5531914893617021 0.6170212765957447 0.6382978723404256 0.6595744680851063 0.574468085106383 0.574468085106383 

45
0.6382978723404256 0.723404255319149 0.6382978723404256 0.723404255319149 0.7021276595744681 0.6170212765957447 0.6382978723404256 0.7021276595744681 
0.7446808510638298 0.6808510638297872 0.723404255319149 0.7021276595744681 0.7446808510638298 0.6382978723404256 0.6382978723404256 0.6382978723404256 
0.5957446808510638 0.723404255319149 0.723404255319149 0.7659574468085106 0.7872340425531915 0.6382978723404256 0.6170212765957447 0.6808510638297872 
0.723404255319149 0.7659574468085106 0.7872340425531915 0.7659574468085106 0.7021276595744681 0.5957446808510638 0.6382978723404256 0.723404255319149 
0.574468085106383 0.6170212765957447 0.5319148936170213 0.6382978723404256 0.6595744680851063 0.6595744680851063 0.6170212765957447 0.5531914893617021 

49
0.6170212765957447 0.6808510638297872 0.6170212765957447 0.7659574468085106 0.7021276595744681 0.5957446808510638 0.6382978723404256 0.6595744680851063 
0.7446808510638298 0.6808510638297872 0.723404255319149 0.7021276595744681 0.7446808510638298 0.6382978723404256 0.6382978723404256 0.6382978723404256 
0.5957446808510638 0.7021276595744681 0.6595744680851063 0.7446808510638298 0.7872340425531915 0.6170212765957447 0.6382978723404256 0.6595744680851063 
0.723404255319149 0.7659574468085106 0.7872340425531915 0.7872340425531915 0.7021276595744681 0.574468085106383 0.6382978723404256 0.7659574468085106 
0.5957446808510638 0.5957446808510638 0.5531914893617021 0.6808510638297872 0.6595744680851063 0.6808510638297872 0.574468085106383 0.5531914893617021 

