30
0.7021276595744681 0.7446808510638298 0.6595744680851063 0.7446808510638298 0.6595744680851063 0.5957446808510638 0.6382978723404256 0.6808510638297872 
0.8297872340425532 0.6382978723404256 0.7021276595744681 0.7872340425531915 0.6595744680851063 0.6595744680851063 0.7021276595744681 0.7872340425531915 
0.7021276595744681 0.7446808510638298 0.6595744680851063 0.7446808510638298 0.6595744680851063 0.5957446808510638 0.6382978723404256 0.7021276595744681 
0.7021276595744681 0.7659574468085106 0.6808510638297872 0.7659574468085106 0.6595744680851063 0.6170212765957447 0.6382978723404256 0.7021276595744681 
0.5319148936170213 0.5106382978723404 0.5531914893617021 0.5319148936170213 0.5106382978723404 0.48936170212765956 0.5319148936170213 0.5319148936170213 

40
0.6595744680851063 0.7872340425531915 0.6595744680851063 0.7872340425531915 0.7021276595744681 0.6382978723404256 0.6808510638297872 0.6382978723404256 
0.7446808510638298 0.7021276595744681 0.7446808510638298 0.8085106382978723 0.6595744680851063 0.5957446808510638 0.6170212765957447 0.7659574468085106 
0.6595744680851063 0.7872340425531915 0.7021276595744681 0.7872340425531915 0.7021276595744681 0.6382978723404256 0.6808510638297872 0.6382978723404256 
0.6595744680851063 0.7659574468085106 0.6808510638297872 0.7659574468085106 0.6808510638297872 0.6382978723404256 0.6595744680851063 0.6382978723404256 
0.5106382978723404 0.5106382978723404 0.5531914893617021 0.5106382978723404 0.48936170212765956 0.6382978723404256 0.574468085106383 0.5106382978723404 

50
0.7446808510638298 0.7659574468085106 0.8297872340425532 0.7446808510638298 0.6808510638297872 0.6382978723404256 0.723404255319149 0.7446808510638298 
0.7446808510638298 0.6808510638297872 0.723404255319149 0.7021276595744681 0.7446808510638298 0.6382978723404256 0.6382978723404256 0.6382978723404256 
0.6595744680851063 0.7659574468085106 0.8085106382978723 0.7659574468085106 0.6808510638297872 0.6382978723404256 0.7021276595744681 0.6595744680851063 
0.723404255319149 0.7659574468085106 0.7872340425531915 0.7872340425531915 0.6808510638297872 0.6170212765957447 0.6808510638297872 0.6382978723404256 
0.5319148936170213 0.7659574468085106 0.723404255319149 0.48936170212765956 0.5957446808510638 0.44680851063829785 0.6382978723404256 0.723404255319149 

60
0.7446808510638298 0.723404255319149 0.7659574468085106 0.7021276595744681 0.7021276595744681 0.6808510638297872 0.6382978723404256 0.6382978723404256 
0.723404255319149 0.6595744680851063 0.723404255319149 0.6170212765957447 0.5957446808510638 0.5957446808510638 0.5957446808510638 0.6595744680851063 
0.7021276595744681 0.723404255319149 0.7659574468085106 0.7021276595744681 0.723404255319149 0.6808510638297872 0.6170212765957447 0.6382978723404256 
0.7021276595744681 0.7659574468085106 0.723404255319149 0.7446808510638298 0.6595744680851063 0.6382978723404256 0.6382978723404256 0.7446808510638298 
0.5319148936170213 0.6808510638297872 0.6808510638297872 0.723404255319149 0.6595744680851063 0.6595744680851063 0.574468085106383 0.6170212765957447 

70
0.7021276595744681 0.6382978723404256 0.723404255319149 0.7446808510638298 0.723404255319149 0.6595744680851063 0.6382978723404256 0.6808510638297872 
0.723404255319149 0.7659574468085106 0.723404255319149 0.7659574468085106 0.6170212765957447 0.6170212765957447 0.6382978723404256 0.7021276595744681 
0.7021276595744681 0.6595744680851063 0.723404255319149 0.7659574468085106 0.723404255319149 0.6382978723404256 0.5957446808510638 0.6808510638297872 
0.723404255319149 0.7659574468085106 0.7659574468085106 0.6808510638297872 0.7021276595744681 0.6808510638297872 0.6382978723404256 0.6382978723404256 
0.6170212765957447 0.7021276595744681 0.6808510638297872 0.7446808510638298 0.6382978723404256 0.6808510638297872 0.574468085106383 0.5531914893617021 

80
0.6382978723404256 0.7021276595744681 0.6170212765957447 0.6808510638297872 0.6382978723404256 0.5106382978723404 0.6170212765957447 0.6808510638297872 
0.6808510638297872 0.6595744680851063 0.723404255319149 0.6595744680851063 0.5319148936170213 0.574468085106383 0.5319148936170213 0.6808510638297872 
0.7021276595744681 0.6595744680851063 0.6170212765957447 0.7021276595744681 0.7021276595744681 0.5957446808510638 0.5957446808510638 0.6595744680851063 
0.723404255319149 0.7021276595744681 0.6808510638297872 0.6170212765957447 0.6382978723404256 0.5957446808510638 0.5319148936170213 0.6382978723404256 
0.5531914893617021 0.7021276595744681 0.7659574468085106 0.6808510638297872 0.574468085106383 0.5319148936170213 0.6170212765957447 0.5531914893617021 

90
0.7021276595744681 0.7021276595744681 0.6170212765957447 0.6382978723404256 0.574468085106383 0.6382978723404256 0.6170212765957447 0.7446808510638298 
0.6595744680851063 0.6595744680851063 0.6170212765957447 0.5319148936170213 0.5531914893617021 0.5531914893617021 0.5319148936170213 0.6595744680851063 
0.6808510638297872 0.6808510638297872 0.6382978723404256 0.6595744680851063 0.6382978723404256 0.6595744680851063 0.6382978723404256 0.723404255319149 
0.723404255319149 0.7021276595744681 0.6808510638297872 0.6170212765957447 0.6382978723404256 0.5957446808510638 0.5319148936170213 0.6382978723404256 
0.6808510638297872 0.6808510638297872 0.6595744680851063 0.7021276595744681 0.6170212765957447 0.5531914893617021 0.6170212765957447 0.6382978723404256 

100
0.6808510638297872 0.6595744680851063 0.5957446808510638 0.6382978723404256 0.6382978723404256 0.5319148936170213 0.6808510638297872 0.6595744680851063 
0.6595744680851063 0.6808510638297872 0.6170212765957447 0.5957446808510638 0.5531914893617021 0.574468085106383 0.5319148936170213 0.6595744680851063 
0.6808510638297872 0.6595744680851063 0.5957446808510638 0.6808510638297872 0.6595744680851063 0.5957446808510638 0.7021276595744681 0.7021276595744681 
0.6808510638297872 0.723404255319149 0.6808510638297872 0.7021276595744681 0.6382978723404256 0.5957446808510638 0.5319148936170213 0.6382978723404256 
0.6808510638297872 0.7446808510638298 0.6808510638297872 0.7659574468085106 0.6595744680851063 0.6382978723404256 0.6170212765957447 0.7872340425531915 

110
0.6808510638297872 0.6170212765957447 0.6170212765957447 0.6382978723404256 0.6170212765957447 0.574468085106383 0.7021276595744681 0.6808510638297872 
0.6595744680851063 0.6382978723404256 0.7446808510638298 0.5319148936170213 0.5957446808510638 0.6170212765957447 0.5319148936170213 0.6808510638297872 
0.6595744680851063 0.5957446808510638 0.5957446808510638 0.6808510638297872 0.6808510638297872 0.6170212765957447 0.723404255319149 0.7021276595744681 
0.7021276595744681 0.7021276595744681 0.723404255319149 0.6595744680851063 0.5957446808510638 0.6382978723404256 0.5531914893617021 0.6595744680851063 
0.7021276595744681 0.6382978723404256 0.6170212765957447 0.723404255319149 0.6170212765957447 0.6170212765957447 0.6170212765957447 0.851063829787234 

120
0.6808510638297872 0.6170212765957447 0.6595744680851063 0.6595744680851063 0.6595744680851063 0.5957446808510638 0.723404255319149 0.7872340425531915 
0.6382978723404256 0.6382978723404256 0.5957446808510638 0.5319148936170213 0.6382978723404256 0.6170212765957447 0.44680851063829785 0.6170212765957447 
0.7021276595744681 0.6595744680851063 0.6382978723404256 0.6808510638297872 0.723404255319149 0.6170212765957447 0.7446808510638298 0.851063829787234 
0.7021276595744681 0.6382978723404256 0.6382978723404256 0.6808510638297872 0.6808510638297872 0.6170212765957447 0.574468085106383 0.723404255319149 
0.6595744680851063 0.7021276595744681 0.6808510638297872 0.6808510638297872 0.6170212765957447 0.5957446808510638 0.7446808510638298 0.8085106382978723 

130
0.7021276595744681 0.6382978723404256 0.5957446808510638 0.6382978723404256 0.6382978723404256 0.5957446808510638 0.723404255319149 0.7872340425531915 
0.6382978723404256 0.6382978723404256 0.5531914893617021 0.5319148936170213 0.6382978723404256 0.5531914893617021 0.44680851063829785 0.6170212765957447 
0.723404255319149 0.6595744680851063 0.5957446808510638 0.6382978723404256 0.6595744680851063 0.5957446808510638 0.7659574468085106 0.851063829787234 
0.7021276595744681 0.6382978723404256 0.6595744680851063 0.6170212765957447 0.6808510638297872 0.6382978723404256 0.5531914893617021 0.8085106382978723 
0.6808510638297872 0.6808510638297872 0.6595744680851063 0.7021276595744681 0.574468085106383 0.5957446808510638 0.7021276595744681 0.8085106382978723 

140
0.7021276595744681 0.6170212765957447 0.7021276595744681 0.7021276595744681 0.6382978723404256 0.6170212765957447 0.6808510638297872 0.7872340425531915 
0.6382978723404256 0.6382978723404256 0.5531914893617021 0.5319148936170213 0.6382978723404256 0.5319148936170213 0.44680851063829785 0.6170212765957447 
0.7021276595744681 0.6382978723404256 0.6808510638297872 0.723404255319149 0.5957446808510638 0.6170212765957447 0.7021276595744681 0.7659574468085106 
0.7021276595744681 0.6595744680851063 0.6595744680851063 0.6808510638297872 0.723404255319149 0.6170212765957447 0.6595744680851063 0.8297872340425532 
0.6808510638297872 0.5957446808510638 0.6382978723404256 0.7021276595744681 0.6382978723404256 0.6595744680851063 0.6595744680851063 0.7659574468085106 

