40 151 10
1 61 5
0 0 0.5664893617021276
0 1 0.6462765957446808
0 2 0.6914893617021276
0 3 0.6888297872340425
0 4 0.6914893617021276
0 5 0.6941489361702127
0 6 0.699468085106383
0 7 0.7260638297872339
0 8 0.7154255319148937
0 9 0.7234042553191489
0 10 0.7127659574468086
0 11 0.7101063829787234
1 0 0.5851063829787234
1 1 0.6382978723404256
1 2 0.6861702127659575
1 3 0.6888297872340425
1 4 0.7101063829787234
1 5 0.7101063829787233
1 6 0.7234042553191489
1 7 0.7074468085106383
1 8 0.7047872340425532
1 9 0.6861702127659575
1 10 0.6835106382978724
1 11 0.6914893617021276
2 0 0.5797872340425532
2 1 0.6808510638297873
2 2 0.6914893617021276
2 3 0.7234042553191489
2 4 0.7207446808510638
2 5 0.7074468085106382
2 6 0.699468085106383
2 7 0.6914893617021276
2 8 0.6914893617021276
2 9 0.7047872340425532
2 10 0.6941489361702128
2 11 0.6941489361702128
3 0 0.5957446808510638
3 1 0.6968085106382979
3 2 0.7021276595744681
3 3 0.6941489361702129
3 4 0.7021276595744681
3 5 0.7021276595744681
3 6 0.675531914893617
3 7 0.7101063829787233
3 8 0.7127659574468085
3 9 0.7313829787234043
3 10 0.7393617021276595
3 11 0.7287234042553191
4 0 0.6409574468085106
4 1 0.648936170212766
4 2 0.6462765957446808
4 3 0.6409574468085106
4 4 0.6489361702127661
4 5 0.6436170212765957
4 6 0.6595744680851063
4 7 0.6808510638297872
4 8 0.6808510638297872
4 9 0.6914893617021276
4 10 0.6835106382978724
4 11 0.6941489361702128
5 0 0.6409574468085106
5 1 0.648936170212766
5 2 0.6462765957446808
5 3 0.6462765957446808
5 4 0.6542553191489362
5 5 0.651595744680851
5 6 0.6808510638297872
5 7 0.678191489361702
5 8 0.6835106382978724
5 9 0.6888297872340425
5 10 0.6808510638297872
5 11 0.675531914893617
6 0 0.6409574468085106
6 1 0.6356382978723404
6 2 0.6382978723404256
6 3 0.6542553191489362
6 4 0.6515957446808511
6 5 0.6702127659574468
6 6 0.6675531914893618
6 7 0.6675531914893618
6 8 0.6569148936170213
6 9 0.6675531914893618
6 10 0.6702127659574468
6 11 0.6622340425531915
7 0 0.6196808510638299
7 1 0.6303191489361701
7 2 0.6356382978723404
7 3 0.6409574468085106
7 4 0.6595744680851063
7 5 0.6675531914893618
7 6 0.6515957446808511
7 7 0.6675531914893618
7 8 0.6622340425531915
7 9 0.6648936170212766
7 10 0.6622340425531915
7 11 0.6595744680851063
8 0 0.574468085106383
8 1 0.6382978723404256
8 2 0.6675531914893618
8 3 0.6622340425531914
8 4 0.6914893617021276
8 5 0.6914893617021277
8 6 0.6861702127659575
8 7 0.6941489361702127
8 8 0.6835106382978724
8 9 0.6861702127659575
8 10 0.6914893617021276
8 11 0.6941489361702127
9 0 0.574468085106383
9 1 0.6382978723404256
9 2 0.6648936170212766
9 3 0.6648936170212766
9 4 0.6622340425531914
9 5 0.6808510638297872
9 6 0.6675531914893618
9 7 0.6835106382978724
9 8 0.6888297872340425
9 9 0.6675531914893618
9 10 0.675531914893617
9 11 0.6728723404255319
10 0 0.574468085106383
10 1 0.6542553191489362
10 2 0.6569148936170213
10 3 0.675531914893617
10 4 0.6861702127659575
10 5 0.675531914893617
10 6 0.6781914893617021
10 7 0.6888297872340425
10 8 0.6728723404255319
10 9 0.6781914893617021
10 10 0.678191489361702
10 11 0.6861702127659575
11 0 0.5904255319148937
11 1 0.6515957446808511
11 2 0.6941489361702127
11 3 0.6968085106382979
11 4 0.6861702127659575
11 5 0.6941489361702127
11 6 0.6888297872340425
11 7 0.6914893617021276
11 8 0.6941489361702127
11 9 0.6968085106382979
11 10 0.6914893617021276
11 11 0.6914893617021276
