40 151 10
1 61 5
0 0 0.5664893617021276
0 1 0.6888297872340425
0 2 0.696808510638298
0 3 0.726063829787234
0 4 0.7101063829787234
1 0 0.601063829787234
1 1 0.7101063829787234
1 2 0.7021276595744681
1 3 0.6808510638297872
1 4 0.678191489361702
2 0 0.5797872340425532
2 1 0.7127659574468086
2 2 0.7021276595744681
2 3 0.7074468085106382
2 4 0.726063829787234
3 0 0.6409574468085106
3 1 0.651595744680851
3 2 0.6702127659574468
3 3 0.6888297872340425
3 4 0.7047872340425532
4 0 0.6409574468085106
4 1 0.6462765957446809
4 2 0.6781914893617021
4 3 0.6914893617021276
4 4 0.6781914893617021
5 0 0.6409574468085106
5 1 0.6515957446808511
5 2 0.6569148936170213
5 3 0.6622340425531914
5 4 0.648936170212766
6 0 0.574468085106383
6 1 0.6595744680851063
6 2 0.675531914893617
6 3 0.6861702127659575
6 4 0.6861702127659575
7 0 0.574468085106383
7 1 0.6808510638297873
7 2 0.678191489361702
7 3 0.6941489361702128
7 4 0.6888297872340425
8 0 0.574468085106383
8 1 0.675531914893617
8 2 0.678191489361702
8 3 0.6914893617021276
8 4 0.6808510638297872
9 0 0.5904255319148937
9 1 0.6968085106382979
9 2 0.6941489361702128
9 3 0.6914893617021276
9 4 0.699468085106383
