40 200 10
65 81 5
40 200 10
65 81 5
0 16 0.696808510638298
0 17 0.7101063829787234
0 18 0.7101063829787233
0 19 0.726063829787234
1 16 0.726063829787234
1 17 0.726063829787234
1 18 0.7287234042553192
1 19 0.7260638297872339
2 16 0.7180851063829787
2 17 0.723404255319149
2 18 0.7313829787234043
2 19 0.7313829787234043
3 16 0.7393617021276595
3 17 0.7340425531914894
3 18 0.7473404255319149
3 19 0.7340425531914894
4 16 0.6781914893617021
4 17 0.6861702127659575
4 18 0.6861702127659575
4 19 0.6941489361702128
5 16 0.675531914893617
5 17 0.6835106382978724
5 18 0.6835106382978724
5 19 0.6702127659574468
6 16 0.6542553191489362
6 17 0.6675531914893618
6 18 0.651595744680851
6 19 0.6675531914893618
7 16 0.6569148936170213
7 17 0.651595744680851
7 18 0.6675531914893618
7 19 0.6648936170212766
8 16 0.6888297872340425
8 17 0.6861702127659575
8 18 0.675531914893617
8 19 0.6941489361702128
9 16 0.675531914893617
9 17 0.6808510638297872
9 18 0.6781914893617021
9 19 0.6728723404255319
10 16 0.6888297872340425
10 17 0.678191489361702
10 18 0.6835106382978724
10 19 0.675531914893617
11 16 0.6861702127659575
11 17 0.699468085106383
11 18 0.6914893617021276
11 19 0.6914893617021276
12 16 0.6728723404255319
12 17 0.6675531914893618
12 18 0.6675531914893618
12 19 0.6728723404255319
13 16 0.6888297872340425
13 17 0.6941489361702127
13 18 0.6914893617021276
13 19 0.6914893617021276
14 16 0.6622340425531914
14 17 0.6595744680851063
14 18 0.6622340425531914
14 19 0.6622340425531914
15 16 0.6329787234042552
15 17 0.6329787234042552
15 18 0.6329787234042552
15 19 0.6329787234042552
